1 1 0
1 -1 0
0.992115 1 -0.125333
0.992115 -1 -0.125333
0.968583 1 -0.24869
0.968583 -1 -0.24869
0.929776 1 -0.368125
0.929776 -1 -0.368125
0.876307 1 -0.481754
0.876307 -1 -0.481754
0.809017 1 -0.587785
0.809017 -1 -0.587785
0.728969 1 -0.684547
0.728969 -1 -0.684547
0.637424 1 -0.770513
0.637424 -1 -0.770513
0.535827 1 -0.844328
0.535827 -1 -0.844328
0.425779 1 -0.904827
0.425779 -1 -0.904827
0.309017 1 -0.951057
0.309017 -1 -0.951057
0.187381 1 -0.982287
0.187381 -1 -0.982287
0.0627905 1 -0.998027
0.0627905 -1 -0.998027
-0.0627905 1 -0.998027
-0.0627905 -1 -0.998027
-0.187381 1 -0.982287
-0.187381 -1 -0.982287
-0.309017 1 -0.951057
-0.309017 -1 -0.951057
-0.425779 1 -0.904827
-0.425779 -1 -0.904827
-0.535827 1 -0.844328
-0.535827 -1 -0.844328
-0.637424 1 -0.770513
-0.637424 -1 -0.770513
-0.728969 1 -0.684547
-0.728969 -1 -0.684547
-0.809017 1 -0.587785
-0.809017 -1 -0.587785
-0.876307 1 -0.481754
-0.876307 -1 -0.481754
-0.929776 1 -0.368125
-0.929776 -1 -0.368125
-0.968583 1 -0.24869
-0.968583 -1 -0.24869
-0.992115 1 -0.125333
-0.992115 -1 -0.125333
-1 1 3.21625e-16
-1 -1 3.21625e-16
-0.992115 1 0.125333
-0.992115 -1 0.125333
-0.968583 1 0.24869
-0.968583 -1 0.24869
-0.929776 1 0.368125
-0.929776 -1 0.368125
-0.876307 1 0.481754
-0.876307 -1 0.481754
-0.809017 1 0.587785
-0.809017 -1 0.587785
-0.728969 1 0.684547
-0.728969 -1 0.684547
-0.637424 1 0.770513
-0.637424 -1 0.770513
-0.535827 1 0.844328
-0.535827 -1 0.844328
-0.425779 1 0.904827
-0.425779 -1 0.904827
-0.309017 1 0.951057
-0.309017 -1 0.951057
-0.187381 1 0.982287
-0.187381 -1 0.982287
-0.0627905 1 0.998027
-0.0627905 -1 0.998027
0.0627905 1 0.998027
0.0627905 -1 0.998027
0.187381 1 0.982287
0.187381 -1 0.982287
0.309017 1 0.951057
0.309017 -1 0.951057
0.425779 1 0.904827
0.425779 -1 0.904827
0.535827 1 0.844328
0.535827 -1 0.844328
0.637424 1 0.770513
0.637424 -1 0.770513
0.728969 1 0.684547
0.728969 -1 0.684547
0.809017 1 0.587785
0.809017 -1 0.587785
0.876307 1 0.481754
0.876307 -1 0.481754
0.929776 1 0.368125
0.929776 -1 0.368125
0.968583 1 0.24869
0.968583 -1 0.24869
0.992115 1 0.125333
0.992115 -1 0.125333
1 1 0
0.992115 1 -0.125333
0.968583 1 -0.24869
0.929776 1 -0.368125
0.876307 1 -0.481754
0.809017 1 -0.587785
0.728969 1 -0.684547
0.637424 1 -0.770513
0.535827 1 -0.844328
0.425779 1 -0.904827
0.309017 1 -0.951057
0.187381 1 -0.982287
0.0627905 1 -0.998027
-0.0627905 1 -0.998027
-0.187381 1 -0.982287
-0.309017 1 -0.951057
-0.425779 1 -0.904827
-0.535827 1 -0.844328
-0.637424 1 -0.770513
-0.728969 1 -0.684547
-0.809017 1 -0.587785
-0.876307 1 -0.481754
-0.929776 1 -0.368125
-0.968583 1 -0.24869
-0.992115 1 -0.125333
-1 1 3.21625e-16
-0.992115 1 0.125333
-0.968583 1 0.24869
-0.929776 1 0.368125
-0.876307 1 0.481754
-0.809017 1 0.587785
-0.728969 1 0.684547
-0.637424 1 0.770513
-0.535827 1 0.844328
-0.425779 1 0.904827
-0.309017 1 0.951057
-0.187381 1 0.982287
-0.0627905 1 0.998027
0.0627905 1 0.998027
0.187381 1 0.982287
0.309017 1 0.951057
0.425779 1 0.904827
0.535827 1 0.844328
0.637424 1 0.770513
0.728969 1 0.684547
0.809017 1 0.587785
0.876307 1 0.481754
0.929776 1 0.368125
0.968583 1 0.24869
0.992115 1 0.125333
0.992115 -1 0.125333
0.968583 -1 0.24869
0.929776 -1 0.368125
0.876307 -1 0.481754
0.809017 -1 0.587785
0.728969 -1 0.684547
0.637424 -1 0.770513
0.535827 -1 0.844328
0.425779 -1 0.904827
0.309017 -1 0.951057
0.187381 -1 0.982287
0.0627905 -1 0.998027
-0.0627905 -1 0.998027
-0.187381 -1 0.982287
-0.309017 -1 0.951057
-0.425779 -1 0.904827
-0.535827 -1 0.844328
-0.637424 -1 0.770513
-0.728969 -1 0.684547
-0.809017 -1 0.587785
-0.876307 -1 0.481754
-0.929776 -1 0.368125
-0.968583 -1 0.24869
-0.992115 -1 0.125333
-1 -1 3.21625e-16
-0.992115 -1 -0.125333
-0.968583 -1 -0.24869
-0.929776 -1 -0.368125
-0.876307 -1 -0.481754
-0.809017 -1 -0.587785
-0.728969 -1 -0.684547
-0.637424 -1 -0.770513
-0.535827 -1 -0.844328
-0.425779 -1 -0.904827
-0.309017 -1 -0.951057
-0.187381 -1 -0.982287
-0.0627905 -1 -0.998027
0.0627905 -1 -0.998027
0.187381 -1 -0.982287
0.309017 -1 -0.951057
0.425779 -1 -0.904827
0.535827 -1 -0.844328
0.637424 -1 -0.770513
0.728969 -1 -0.684547
0.809017 -1 -0.587785
0.876307 -1 -0.481754
0.929776 -1 -0.368125
0.968583 -1 -0.24869
0.992115 -1 -0.125333
1 -1 0
